训练模型，评估结果...
Loading data...
CRF Model...
           precision    recall  f1-score   support
    S-PER     0.0000    0.0000    0.0000         3
    S-GPE     0.0000    0.0000    0.0000         2
    B-LOC     0.0000    0.0000    0.0000        14
    E-ORG     0.4828    0.2121    0.2947        65
    M-ORG     0.3750    0.2075    0.2672       158
        O     0.9401    0.9925    0.9656     13364
    E-LOC     0.0000    0.0000    0.0000        14
    E-GPE     0.4634    0.2836    0.3519        66
    M-LOC     0.0000    0.0000    0.0000        26
    B-PER     0.7000    0.0733    0.1327       190
    E-PER     0.6500    0.0681    0.1232       190
    M-GPE     0.4000    0.1481    0.2162        26
    B-ORG     0.5172    0.2273    0.3158        65
    M-PER     0.6500    0.0828    0.1469       156
    B-GPE     0.5366    0.3284    0.4074        66
avg/total     0.9109    0.9309    0.9103     14405

BiLSTM+CRF...
           precision    recall  f1-score   support
    S-PER     0.0000    0.0000    0.0000         3
    S-GPE     0.0000    0.0000    0.0000         2
    B-LOC     0.0000    0.0000    0.0000        14
    E-ORG     0.4000    0.0303    0.0563        65
    M-ORG     0.8000    0.0252    0.0488       158
        O     0.9326    0.9954    0.9629     13364
    E-LOC     0.0000    0.0000    0.0000        14
    E-GPE     0.2545    0.2090    0.2295        66
    M-LOC     0.0000    0.0000    0.0000        26
    B-PER     0.5000    0.0314    0.0591       190
    E-PER     0.0000    0.0000    0.0000       190
    M-GPE     0.0000    0.0000    0.0000        26
    B-ORG     0.2500    0.0152    0.0286        65
    M-PER     0.0000    0.0000    0.0000       156
    B-GPE     0.2500    0.2239    0.2362        66
avg/total     0.8858    0.9263    0.8972     14405

测试集评估结果...
读取数据...
CRF...
           precision    recall  f1-score   support
    S-GPE     0.0000    0.0000    0.0000         2
    B-PER     0.7000    0.0733    0.1327       190
    E-PER     0.6500    0.0681    0.1232       190
    E-ORG     0.4828    0.2121    0.2947        65
    E-LOC     0.0000    0.0000    0.0000        14
    M-LOC     0.0000    0.0000    0.0000        26
    B-ORG     0.5172    0.2273    0.3158        65
    B-GPE     0.5366    0.3284    0.4074        66
    M-ORG     0.3750    0.2075    0.2672       158
    B-LOC     0.0000    0.0000    0.0000        14
    M-GPE     0.4000    0.1481    0.2162        26
    S-PER     0.0000    0.0000    0.0000         3
        O     0.9401    0.9925    0.9656     13364
    E-GPE     0.4634    0.2836    0.3519        66
    M-PER     0.6500    0.0828    0.1469       156
avg/total     0.9109    0.9309    0.9103     14405

BILSTM+CRF...
           precision    recall  f1-score   support
    S-GPE     0.0000    0.0000    0.0000         2
    B-PER     0.5000    0.0314    0.0591       190
    E-PER     0.0000    0.0000    0.0000       190
    E-ORG     0.4000    0.0303    0.0563        65
    E-LOC     0.0000    0.0000    0.0000        14
    M-LOC     0.0000    0.0000    0.0000        26
    B-ORG     0.2500    0.0152    0.0286        65
    B-GPE     0.2500    0.2239    0.2362        66
    M-ORG     0.8000    0.0252    0.0488       158
    B-LOC     0.0000    0.0000    0.0000        14
    M-GPE     0.0000    0.0000    0.0000        26
    S-PER     0.0000    0.0000    0.0000         3
        O     0.9326    0.9954    0.9629     13364
    E-GPE     0.2545    0.2090    0.2295        66
    M-PER     0.0000    0.0000    0.0000       156
avg/total     0.8858    0.9263    0.8972     14405



